1
2
3
4
5
6
7
8
9
10
11
12
13
14
15
16
17
18
19
20
21
22
23
24
25
26
27
28
29
30
31
32
33
34
35
36

----------------------
1   2   3   4   5   6
7   8   9   10  11  12
13  14  15  16  17  18
19  20  21  22  23  24
25  26  27  28  29  30
31  32  33  34  35  36


-   x   x   x   x   -
.   -   x   x   -   .
.   .   -   -   .   .
.   .   -   -   .   .
.   -   .   .   -   .
-   .   .   .   .   -
-------------------------------------

teste 144

1 1 1 1 1 1 1 1 1 1 1 1
1 1 1 1 1 1 1 1 1 1 1 1
1 1 1 1 1 1 1 1 1 1 1 1
1 1 1 1 1 1 1 1 1 1 1 1
1 1 1 1 1 1 1 1 1 1 1 1
1 1 1 1 1 1 1 1 1 1 1 1
1 1 1 1 1 1 1 1 1 1 1 1
1 1 1 1 1 1 1 1 1 1 1 1
1 1 1 1 1 1 1 1 1 1 1 1
1 1 1 1 1 1 1 1 1 1 1 1
1 1 1 1 1 1 1 1 1 1 1 1
1 1 1 1 1 1 1 1 1 1 1 1

 test 7
1 2 2 2 2 2 2 2 2 2 2 1
1 1 2 2 2 2 2 2 2 2 1 1
1 1 1 2 2 2 2 2 2 1 1 1
1 1 1 1 2 2 2 2 1 1 1 1
1 1 1 1 1 2 2 1 1 1 1 1
1 1 1 1 1 1 1 1 1 1 1 1
1 1 1 1 1 1 1 1 1 1 1 1
1 1 1 1 1 1 1 1 1 1 1 1
1 1 1 1 1 1 1 1 1 1 1 1
1 1 1 1 1 1 1 1 1 1 1 1
1 1 1 1 1 1 1 1 1 1 1 1
1 1 1 1 1 1 1 1 1 1 1 1

test 8
1 1 1 1 1 1 1 1 1 1 1 1
1 1 1 1 1 1 1 1 1 1 1 1
1 1 1 1 1 1 1 1 1 1 1 1
1 1 1 1 1 1 1 1 1 1 1 1
1 1 1 1 1 1 1 1 1 1 1 1
1 1 1 1 1 1 1 1 1 1 1 1
1 1 1 1 1 1 1 1 1 1 1 1
1 1 1 1 1 2 2 1 1 1 1 1
1 1 1 1 2 2 2 2 1 1 1 1
1 1 1 2 2 2 2 2 2 1 1 1
1 1 2 2 2 2 2 2 2 2 1 1
1 2 2 2 2 2 2 2 2 2 2 1

 
teste 9

1 1 1 1 1 1 1 1 1 1 1 1
2 1 1 1 1 1 1 1 1 1 1 1
2 2 1 1 1 1 1 1 1 1 1 1
2 2 2 1 1 1 1 1 1 1 1 1
2 2 2 2 1 1 1 1 1 1 1 1
2 2 2 2 2 1 1 1 1 1 1 1
2 2 2 2 2 1 1 1 1 1 1 1
2 2 2 2 1 1 1 1 1 1 1 1
2 2 2 1 1 1 1 1 1 1 1 1
2 2 1 1 1 1 1 1 1 1 1 1
2 1 1 1 1 1 1 1 1 1 1 1
1 1 1 1 1 1 1 1 1 1 1 1

0   1 1 1 1 1 1 1 1 1 1 1 1
1   2 1 1 1 1 1 1 1 1 1 1 1 -> ok
2   2 2 1 1 1 1 1 1 1 1 1 1 -> ok
3   2 2 2 1 1 1 1 1 1 1 1 1 -> ok
4   2 2 2 2 1 1 1 1 1 1 1 1 -> ok         -> 1 a mais
5   2 2 2 2 2 1 1 1 1 1 1 1 -> ok        |
6   2 2 2 2 2 1 1 1 1 1 1 1 -> 2 2 2 2 2 1
7   2 2 2 2 1 1 1 1 1 1 1 1
8   2 2 2 1 1 1 1 1 1 1 1 1
9   2 2 1 1 1 1 1 1 1 1 1 1
10  2 1 1 1 1 1 1 1 1 1 1 1
11  1 1 1 1 1 1 1 1 1 1 1 1

teste 10

1 1 1 1 1 1 1 1 1 1 1 1
1 1 1 1 1 1 1 1 1 1 1 2
1 1 1 1 1 1 1 1 1 1 2 2
1 1 1 1 1 1 1 1 1 2 2 2
1 1 1 1 1 1 1 1 2 2 2 2
1 1 1 1 1 1 1 2 2 2 2 2
1 1 1 1 1 1 1 2 2 2 2 2
1 1 1 1 1 1 1 1 2 2 2 2
1 1 1 1 1 1 1 1 1 2 2 2
1 1 1 1 1 1 1 1 1 1 2 2
1 1 1 1 1 1 1 1 1 1 1 2
1 1 1 1 1 1 1 1 1 1 1 1